Symmetrisk matrix A: 
  0.840  0.394  0.783  0.798  0.912
  0.394  0.198  0.335  0.768  0.278
  0.783  0.335  0.554  0.477  0.629
  0.798  0.768  0.477  0.365  0.513
  0.912  0.278  0.629  0.513  0.952


Matricen V fra diagonalisering: 
 -0.285  0.756  0.169 -0.087  0.557
 -0.624 -0.328 -0.217  0.611  0.287
  0.072 -0.465  0.770 -0.099  0.419
  0.724  0.066 -0.190  0.511  0.418
  0.011 -0.316 -0.544 -0.590  0.506


Matrix-produktet (V^T)AV, skal være lig med matricen D: 
 -0.557 -0.000  0.000  0.000  0.000
 -0.000 -0.124  0.000  0.000 -0.000
  0.000  0.000  0.069 -0.000 -0.000
  0.000  0.000 -0.000  0.461  0.000
 -0.000 -0.000 -0.000  0.000  3.059


Matricen D, har egenværdier for A på diagonalen: 
 -0.557  0.000  0.000  0.000 -0.000
  0.000 -0.124  0.000 -0.000  0.000
  0.000  0.000  0.069  0.000 -0.000
  0.000 -0.000 -0.000  0.461  0.000
 -0.000  0.000 -0.000  0.000  3.059


